1183.0000000000 25.0000000000 -62.2206679677
818.0000000000 50.0000000000 -77.0992859976
1496.0000000000 29.0000000000 -96.3665194290
798.0000000000 50.0000000000 -71.9854990139
1454.0000000000 45.0000000000 -108.6100036406
1174.0000000000 25.0000000000 -59.0694387358
1291.0000000000 39.0000000000 -105.8189518288
1439.0000000000 44.0000000000 -106.7808441145
960.0000000000 35.0000000000 -79.0346710971
1067.0000000000 37.0000000000 -89.6955519469
878.0000000000 42.0000000000 -76.2937990215
1465.0000000000 44.0000000000 -107.0507833385
1486.0000000000 26.0000000000 -90.2259111914
1432.0000000000 27.0000000000 -91.8322463388
802.0000000000 49.0000000000 -72.3723414914
1120.0000000000 26.0000000000 -60.6757738832
1030.0000000000 30.0000000000 -67.0643696769
891.0000000000 41.0000000000 -78.4822692750
1090.0000000000 39.0000000000 -96.3214099013
1014.0000000000 35.0000000000 -85.9060007174
1297.0000000000 33.0000000000 -101.5009469301
1055.0000000000 32.0000000000 -86.8847449546
930.0000000000 47.0000000000 -85.7850411267
1094.0000000000 37.0000000000 -90.8952027081
953.0000000000 34.0000000000 -76.1093543669
1192.0000000000 40.0000000000 -101.1430145431
875.0000000000 46.0000000000 -81.5210555539
871.0000000000 48.0000000000 -85.5149692455
1043.0000000000 31.0000000000 -85.0243763652
898.0000000000 41.0000000000 -78.8716393321
1164.0000000000 40.0000000000 -100.9828157159
1216.0000000000 25.0000000000 -69.1769254598
1089.0000000000 28.0000000000 -68.1616781029
872.0000000000 45.0000000000 -77.6560911505
952.0000000000 42.0000000000 -86.3802001592
1301.0000000000 32.0000000000 -99.8749264236
1471.0000000000 33.0000000000 -102.6453635864
907.0000000000 38.0000000000 -71.5783705960
1382.0000000000 29.0000000000 -96.0298799198
957.0000000000 47.0000000000 -90.8771735690
1384.0000000000 45.0000000000 -108.3067142740
1162.0000000000 31.0000000000 -93.0264846267
1106.0000000000 48.0000000000 -102.7757193427
1080.0000000000 30.0000000000 -79.6111632629
863.0000000000 46.0000000000 -78.4094485775
1112.0000000000 28.0000000000 -73.2358428311
1146.0000000000 34.0000000000 -97.6649569160
1032.0000000000 38.0000000000 -89.5067430788
1291.0000000000 27.0000000000 -88.7586220734
849.0000000000 49.0000000000 -82.5782609173
1175.0000000000 25.0000000000 -59.1499037237
1119.0000000000 26.0000000000 -60.5953088953
1194.0000000000 25.0000000000 -64.1832257195
1074.0000000000 29.0000000000 -61.0707868805
1476.0000000000 27.0000000000 -91.8655964814
1427.0000000000 33.0000000000 -102.6120134438
910.0000000000 38.0000000000 -72.9753189888
1399.0000000000 25.0000000000 -86.1771180828
1183.0000000000 25.0000000000 -62.2206679677
1372.0000000000 34.0000000000 -104.1378836033
1019.0000000000 30.0000000000 -62.5966570400
1077.0000000000 27.0000000000 -63.6135004781
1288.0000000000 50.0000000000 -107.5551892188
1308.0000000000 33.0000000000 -101.8969266542
1131.0000000000 26.0000000000 -65.1434865201
810.0000000000 49.0000000000 -75.4431057355
1441.0000000000 30.0000000000 -97.8923895885
1085.0000000000 29.0000000000 -65.5384995174
1157.0000000000 26.0000000000 -70.5661785730
1381.0000000000 29.0000000000 -95.9494149320
1220.0000000000 26.0000000000 -79.8504387599
1316.0000000000 25.0000000000 -80.6344777919
1099.0000000000 39.0000000000 -96.5564596496
823.0000000000 49.0000000000 -80.0717483481
1303.0000000000 27.0000000000 -90.8016448130
1049.0000000000 48.0000000000 -100.8888827918
1487.0000000000 26.0000000000 -90.3063761792
1026.0000000000 30.0000000000 -66.4909140481
917.0000000000 49.0000000000 -91.2750205037
834.0000000000 49.0000000000 -82.0343060998
981.0000000000 31.0000000000 -71.2484784275
1417.0000000000 26.0000000000 -90.0030868126
830.0000000000 50.0000000000 -81.6474636223
993.0000000000 31.0000000000 -75.7966560522
1394.0000000000 38.0000000000 -104.6244141044
1277.0000000000 30.0000000000 -97.0634876685
984.0000000000 31.0000000000 -72.6454268203
1406.0000000000 26.0000000000 -89.6071070886
1253.0000000000 34.0000000000 -103.4227968137
1227.0000000000 25.0000000000 -72.0780600690
999.0000000000 46.0000000000 -94.3798392488
1215.0000000000 25.0000000000 -67.5298824442
1140.0000000000 26.0000000000 -65.7895608669
1136.0000000000 32.0000000000 -94.7114019837
1357.0000000000 33.0000000000 -102.3087240772
1153.0000000000 34.0000000000 -98.7400897113
1102.0000000000 34.0000000000 -94.7332072972
814.0000000000 49.0000000000 -76.9205191161
1140.0000000000 40.0000000000 -99.6937073373
1105.0000000000 42.0000000000 -98.1620008026
1035.0000000000 30.0000000000 -69.6421432801
807.0000000000 50.0000000000 -75.1367282459
1257.0000000000 32.0000000000 -99.8415762810
851.0000000000 45.0000000000 -69.9566842938
1094.0000000000 29.0000000000 -68.6897287493
979.0000000000 46.0000000000 -93.8138818972
1272.0000000000 25.0000000000 -78.7143399410
922.0000000000 45.0000000000 -85.3172334357
1123.0000000000 39.0000000000 -97.7971132748
900.0000000000 49.0000000000 -89.0035576828
1410.0000000000 39.0000000000 -106.5340386184
1267.0000000000 30.0000000000 -96.7479729323
1129.0000000000 26.0000000000 -63.8270031152
1388.0000000000 25.0000000000 -84.2145603311
1280.0000000000 39.0000000000 -105.4229721047
844.0000000000 46.0000000000 -73.3761265817
971.0000000000 31.0000000000 -68.0167842077
832.0000000000 46.0000000000 -68.8279489569
1198.0000000000 32.0000000000 -99.1142641218
1371.0000000000 29.0000000000 -95.6339001958
906.0000000000 45.0000000000 -84.6928136304
1010.0000000000 31.0000000000 -78.0681188732
860.0000000000 49.0000000000 -84.5408186690
1073.0000000000 29.0000000000 -60.9903218926
1106.0000000000 41.0000000000 -100.2696326410
1245.0000000000 31.0000000000 -98.4383284392
1251.0000000000 26.0000000000 -81.8448332153
839.0000000000 49.0000000000 -82.2627461811
857.0000000000 50.0000000000 -84.3652376579
1284.0000000000 26.0000000000 -84.0989805893
1211.0000000000 29.0000000000 -85.6142607382
1110.0000000000 32.0000000000 -92.0740929360
1115.0000000000 27.0000000000 -73.5843701558
1326.0000000000 30.0000000000 -97.4752850915
965.0000000000 39.0000000000 -83.3821612184
1132.0000000000 48.0000000000 -105.2822319120
821.0000000000 49.0000000000 -77.4056634872
927.0000000000 48.0000000000 -92.3645746914
886.0000000000 42.0000000000 -79.3645632656
1200.0000000000 26.0000000000 -77.8379508012
1117.0000000000 41.0000000000 -101.9878670403
854.0000000000 48.0000000000 -83.2435064246
1039.0000000000 49.0000000000 -98.4780749059
863.0000000000 45.0000000000 -74.5048619185
989.0000000000 46.0000000000 -94.1293966333
1048.0000000000 30.0000000000 -74.2707858927
1364.0000000000 31.0000000000 -99.1534152288
1151.0000000000 26.0000000000 -70.2572735038
1298.0000000000 33.0000000000 -101.5814119180
1144.0000000000 41.0000000000 -103.1875178015
1346.0000000000 34.0000000000 -103.8679443793
1063.0000000000 39.0000000000 -95.1217591400
1448.0000000000 25.0000000000 -86.5889155058
1059.0000000000 45.0000000000 -97.2378475337
1416.0000000000 26.0000000000 -89.9226218248
1248.0000000000 27.0000000000 -83.8498502048
1190.0000000000 26.0000000000 -77.5224360650
1453.0000000000 45.0000000000 -108.5295386527
1166.0000000000 46.0000000000 -104.7800017793
962.0000000000 46.0000000000 -91.5424190762
850.0000000000 49.0000000000 -82.6587259052
1186.0000000000 42.0000000000 -103.7431394187
1069.0000000000 31.0000000000 -87.6616854128
1358.0000000000 26.0000000000 -89.2757746534
1053.0000000000 48.0000000000 -101.2459471491
1181.0000000000 32.0000000000 -96.8428013009
1161.0000000000 29.0000000000 -83.0856025107
1317.0000000000 25.0000000000 -80.8457392582
1024.0000000000 31.0000000000 -81.0254055408
1321.0000000000 29.0000000000 -93.5750597572
1242.0000000000 34.0000000000 -103.0268170897
1235.0000000000 29.0000000000 -88.2623965748
1332.0000000000 29.0000000000 -95.5376175089
1295.0000000000 29.0000000000 -92.5043287372
955.0000000000 40.0000000000 -80.2488300676
894.0000000000 49.0000000000 -87.8459008035
931.0000000000 38.0000000000 -78.1695709603
1270.0000000000 45.0000000000 -105.5834942205
865.0000000000 42.0000000000 -71.6651564089
1151.0000000000 27.0000000000 -74.0320390544
1293.0000000000 46.0000000000 -107.7602921815
1323.0000000000 29.0000000000 -95.3025677606
1147.0000000000 31.0000000000 -88.1962949677
1312.0000000000 27.0000000000 -91.0366945613
1395.0000000000 44.0000000000 -106.7474939719
1340.0000000000 39.0000000000 -106.2307492518
1036.0000000000 30.0000000000 -69.7226082679
1217.0000000000 25.0000000000 -71.7625453328
1202.0000000000 47.0000000000 -106.0202375897
996.0000000000 47.0000000000 -95.4421017450
1229.0000000000 25.0000000000 -73.8055680724
939.0000000000 35.0000000000 -71.3352642404
1262.0000000000 25.0000000000 -76.8322471771
1347.0000000000 26.0000000000 -87.3132169017
934.0000000000 46.0000000000 -88.7441800528
985.0000000000 38.0000000000 -83.6605666859
1337.0000000000 50.0000000000 -107.9669866418
897.0000000000 42.0000000000 -81.3271210173
801.0000000000 49.0000000000 -72.2918765035
1461.0000000000 26.0000000000 -90.0364369552
1169.0000000000 29.0000000000 -85.1220155833
902.0000000000 46.0000000000 -84.2388295894
889.0000000000 45.0000000000 -79.9275539714
1159.0000000000 32.0000000000 -96.1159139735
1234.0000000000 30.0000000000 -92.1547157999
883.0000000000 48.0000000000 -87.3753378349
943.0000000000 45.0000000000 -87.5302338030
1046.0000000000 41.0000000000 -95.7833771261
1343.0000000000 25.0000000000 -83.3522518274
1006.0000000000 31.0000000000 -77.6391265606
1195.0000000000 25.0000000000 -66.7688455925
1449.0000000000 25.0000000000 -86.6693804937
1471.0000000000 33.0000000000 -102.6453635864
1339.0000000000 45.0000000000 -108.1928991436
1060.0000000000 46.0000000000 -98.7022363991
981.0000000000 39.0000000000 -87.2146371231
1385.0000000000 38.0000000000 -104.3893643561
1131.0000000000 26.0000000000 -65.1434865201
1002.0000000000 34.0000000000 -85.3549727609
1206.0000000000 25.0000000000 -67.2948326959
1216.0000000000 25.0000000000 -69.1769254598
1364.0000000000 31.0000000000 -99.1534152288
847.0000000000 50.0000000000 -83.9189264433
1139.0000000000 26.0000000000 -65.7090958790
1361.0000000000 27.0000000000 -91.4484919843
1352.0000000000 27.0000000000 -91.2134422360
976.0000000000 35.0000000000 -81.2256689302
1128.0000000000 29.0000000000 -76.1293450186
1140.0000000000 26.0000000000 -68.2947157520
941.0000000000 34.0000000000 -71.5611767421
881.0000000000 41.0000000000 -76.6001765111
1459.0000000000 25.0000000000 -86.9848952298
808.0000000000 50.0000000000 -75.2171932337
1205.0000000000 31.0000000000 -93.5388452737
1018.0000000000 30.0000000000 -62.5161920522
947.0000000000 38.0000000000 -78.7939907657
950.0000000000 49.0000000000 -93.1258437081
1087.0000000000 27.0000000000 -66.8451946980
841.0000000000 46.0000000000 -71.9791781888
1238.0000000000 46.0000000000 -106.3352878078
1312.0000000000 29.0000000000 -93.3400100089
1051.0000000000 39.0000000000 -93.3230597529
1206.0000000000 41.0000000000 -104.9523397435
869.0000000000 48.0000000000 -83.9182577205
1027.0000000000 30.0000000000 -66.5713790360
1329.0000000000 45.0000000000 -107.8773844074
1231.0000000000 46.0000000000 -105.9954702395
1184.0000000000 39.0000000000 -100.0611119310
1409.0000000000 39.0000000000 -106.4535736305
1150.0000000000 29.0000000000 -81.1230447589
925.0000000000 41.0000000000 -81.5894133676
968.0000000000 47.0000000000 -92.8397313207
1214.0000000000 27.0000000000 -83.6810086393
1242.0000000000 40.0000000000 -105.0694319693
945.0000000000 49.0000000000 -92.9965756385
1172.0000000000 30.0000000000 -87.7518536618
874.0000000000 42.0000000000 -74.8163856409
1322.0000000000 34.0000000000 -103.6456211924
840.0000000000 49.0000000000 -82.3432111690
1016.0000000000 45.0000000000 -91.2808851176
1464.0000000000 38.0000000000 -104.9277034710
1458.0000000000 25.0000000000 -86.9044302420
1008.0000000000 34.0000000000 -85.6638778301
819.0000000000 50.0000000000 -79.6849058706
1157.0000000000 26.0000000000 -70.5661785730
880.0000000000 41.0000000000 -76.5197115233
1240.0000000000 30.0000000000 -94.0301988968
1228.0000000000 39.0000000000 -102.4070868712
1178.0000000000 29.0000000000 -85.3570653316
1262.0000000000 25.0000000000 -76.8322471771
936.0000000000 38.0000000000 -78.3980110417
1019.0000000000 30.0000000000 -62.5966570400
1025.0000000000 39.0000000000 -90.4414273528
1077.0000000000 27.0000000000 -63.6135004781
1113.0000000000 30.0000000000 -86.5674207550
1327.0000000000 32.0000000000 -100.1448656476
1352.0000000000 27.0000000000 -91.2134422360
1106.0000000000 48.0000000000 -102.7757193427
1177.0000000000 28.0000000000 -75.8386380871
1286.0000000000 27.0000000000 -88.5301819921
1042.0000000000 31.0000000000 -84.9439113773
1074.0000000000 30.0000000000 -79.3022581937
1063.0000000000 39.0000000000 -95.1217591400
1239.0000000000 39.0000000000 -104.3696446230
970.0000000000 35.0000000000 -80.9167638610
972.0000000000 34.0000000000 -79.5760983350
1432.0000000000 27.0000000000 -91.8322463388
1029.0000000000 47.0000000000 -97.1621284710
1295.0000000000 27.0000000000 -88.7652317404
973.0000000000 34.0000000000 -81.2231413506
874.0000000000 42.0000000000 -74.8163856409
1081.0000000000 31.0000000000 -87.9422615257
1142.0000000000 34.0000000000 -96.7775319595
877.0000000000 42.0000000000 -76.2133340337
1170.0000000000 47.0000000000 -105.5602541136
1078.0000000000 46.0000000000 -101.0541642079
968.0000000000 47.0000000000 -92.8397313207
1088.0000000000 37.0000000000 -89.8321047363
879.0000000000 49.0000000000 -86.7905573155
998.0000000000 39.0000000000 -89.4860999440
